f_x = 455.01779335911533
c_x = 347.7758170279836
f_y = 449.638776236421
c_y = 183.2528682832296
k_1 = 0.39370256196311587
k_2 = -1.8790623794035874
p_1 = -0.004784372375460338
p_2 = -1.9735858217122795e-05
k_3 = 2.3541810896089586
